Fecha,Casos totales acumulados,Casos activos,Casos recuperados,Fallecidos,Casos nuevos totales,Nuevos recuperados,Casos nuevos con síntomas,Casos nuevos sin síntomas
01-05-2020,17.008,7.756,9.018,234,985,438,882,103
02-05-2020,18.435,8.615,9.573,247,1.427,555,1.246,181
03-05-2020,19.663,9.362,10.041,260,1.228,468,1.112,116
04-05-2020,20.643,9.958,10.415,270,980,374,876,104
05-05-2020,22.016,11.031,10.710,275,1.373,295,1.317,56
06-05-2020,23.048,11.578,11.189,281,1.032,479,893,139
07-05-2020,24.581,12.632,11.664,285,1.533,475,1.343,190
08-05-2020,25.972,13.518,12.160,294,1.391,496,1.183,208
09-05-2020,27.219,14.248,12.667,304,1.247,507,1.004,243
10-05-2020,28.866,15.438,13.116,312,1.647,449,1.406,241
11-05-2020,30.063,16.135,13.605,323,1.197,489,975,222
12-05-2020,31.721,17.261,14.125,335,1.658,520,1.479,179
13-05-2020,34.381,19.170,14.865,346,2.660,740,2.152,508
14-05-2020,37.040,21.017,15.655,368,2.659,790,2.301,358
15-05-2020,39.542,22.534,16.614,394,2.502,959,2.112,390
16-05-2020,41.428,22.993,18.014,421,1.886,1.400,1.573,313
17-05-2020,43.781,24.118,19.213,450,2.353,1.199,2.024,329
18-05-2020,46.059,25.416,20.165,478,2.278,952,2.018,260
19-05-2020,49.579,27.563,21.507,509,3.520,1.342,3.099,421
