Fecha,Casos totales acumulados,Casos activos,Fallecidos,Casos nuevos totales,Casos nuevos con síntomas,Casos nuevos sin síntomas
10-05-2020,28.866,15.438,312,1.647,1.406,241
11-05-2020,30.063,16.135,323,1.197,975,222
12-05-2020,31.721,17.261,335,1.658,1.479,179
13-05-2020,34.381,19.170,346,2.660,2.152,508
14-05-2020,37.040,21.017,368,2.659,2.301,358
15-05-2020,39.542,22.534,394,2.502,2.112,390
16-05-2020,41.428,22.993,421,1.886,1.573,313
17-05-2020,43.781,24.118,450,2.353,2.024,329
18-05-2020,46.059,25.416,478,2.278,2.018,260
19-05-2020,49.579,27.563,509,3.520,3.099,421
20-05-2020,53.617,30.569,544,4.038,3.647,391
21-05-2020,57.581,33.000,589,3.964,3.538,426
22-05-2020,61.857,35.885,630,4.276,3.863,413
23-05-2020,65.393,38.174,673,3.536,3.237,299
24-05-2020,69.102,40.236,718,3.709,3.343,366
25-05-2020,73.997,43.934,761,4.895,4.428,467
26-05-2020,77.961,46.240,806,3.964,3.618,346
27-05-2020,82.289,47.908,841,4.328,3.956,372
28-05-2020,86.943,49.903,890,4.654,4.128,526
29-05-2020,90.638,51.096,944,3.695,3.355,340
30-05-2020,94.858,53.430,997,4.220,3.736,484
31-05-2020,99.688,55.907,1.054,4.830,4.437,393
01-06-2020,105.159,59.100,1.113,5.471,5.082,389
02-06-2020,108.686,21.325,1.188,3.527,3.206,321
03-06-2020,113.628,21.605,1.275,4.942,4.537,405
04-06-2020,118.292,21.305,1.356,4.664,4.172,492
05-06-2020,122.499,21.693,1.448,4.207,3.790,417
06-06-2020,127.745,22.387,1.541,5.246,4.888,358
07-06-2020,134.150,24.363,1.637,6.405,5.760,645
08-06-2020,138.846,24.334,2.264,4.696,4.237,459
09-06-2020,142.759,23.115,2.283,3.913,3.587,326
